author,updated_at,like_count,text,public
@tayebtampuri4372,2024-05-16T21:02:59Z,0,wow. this guy is good.,True
@sagisuvan4857,2024-05-14T17:00:56Z,0,,True
@Private-lw1td,2024-05-11T00:15:59Z,5,I'm just looking for a python refresher when I found this gem of a channel. I can't believe these were made 6 years ago and is still more informative than newer one I've found so far. Subscribed!,True
@yashrajsalve7997,2024-05-09T04:05:20Z,0,Your channel is suggested to me by chatgpt,True
@vahidx1265,2024-05-02T08:42:01Z,1,I just love the way he talks 😂❤,True
@MissAnuri,2024-05-01T16:59:40Z,0,So happy I started this,True
@muhammadabdullahdilshad8509,2024-04-23T02:25:38Z,0,"Notes : num= 3 # type tells us the data type  print(type(num)) num2 = 3.4 print(type(num2))  # Arithemtatics print(3+2) print(3-2) print(3*2) print(3/2) #Gives us the exact Value (1.5) print(3//2) #Gives us the floor value (1) print(3**2) # 3 raised to power 2 print(3 % 2) #Modulus   #Order of Precedence print(3*(2+1)) #Parenthesis First  # Increment num3 = 1 num3 +=3 print(num3)  # Abs built In function num4 = -5 print(abs(num4))  # Round FUnction print(round(3.75,1)) #round of two first Number  # Comaprisons #comparisons return Booleans num_1 = 3 num_2 = 2  print(num_1 == num_2) print(num_1 != num_2) print(num_1 > num_2) print(num_1 < num_2) print(num_1 <= num_2) print(num_1 >= num_2)   #suppose Numbers are in the form of strings num_1 = ""100"" num_2 = ""200"" #to Convert these strings into Integeres we use Casting num_1 = int(num_1) num_2 = int(num_2) print(num_1 + num_2)",True
@HetenAgrawal,2024-04-18T16:12:05Z,0,once you are going to beat the teacher at universities for coding   CAN YOU PLZZ MAKE SERIES FOR OTHER LANGUAGES???,True
@DarkAcademyUniversity,2024-03-01T11:50:06Z,0,,True
@MaazAkhtarKhattak,2024-02-29T10:10:16Z,0,Learned A lot in 2 vedios . I have watched a lot of tutorials but this guy bring Python in an easy and sample way.Thanks Alot❤❤❤❤❤❤❤.,True
@hunterreehoorn7831,2024-01-30T17:04:46Z,0,I’m currently in a python course in college and these videos are an invaluable resource,True
@mahshidpooladvand8502,2024-01-08T02:16:30Z,12,This is the first time that I finish a tutorial without paying attention to how much time is left! Love you Corey.,True
@nawazkhan3002,2023-11-26T14:36:37Z,0,Thank you!,True
@daenyboi,2023-11-12T10:43:46Z,0,"Finally found a perosn that talks real english that can be listened to and understood. Im just starting out in python and we got a the 900 page starting out with python book, and it tells me to do excersises i dont understand even though i read most of chapters.. ;O",True
@petrasguilhermekulyumba4959,2023-10-27T15:02:39Z,0,i do not understood about  when to use f' string and how to use float,True
@vaideshrajanaaga,2023-09-05T14:23:42Z,0,"if we take num1 = 10000                    num2 = 100  then, num1 = int(num1)           num2 = int(num2)  print (num1 + num2)  how do i  get a comma in the anss like this : 10,100 cause we get the ans as 10100",True
@hiseggcelency,2023-07-13T21:57:43Z,0,"Wow... Thanks Corey, you are golden as always. You make learning not only crystal clear but also enjoyable. Ive gave up on learning coding 2 years ago after burning out, but im back on track, stronger and more persistent then ever! Cant wait to revisit all the concepts.",True
@akashmalkar7191,2023-06-27T13:05:50Z,0,type_casting_short_cut num_1='100' num_2='200' print(int(num_1)+int(num_2)),True
@Whyoogabooga,2023-06-26T23:27:26Z,0,Corey--I asked ChatGPT what are some good videos to watch for learning how to code in Python and you were its first recommendation!,True
@valenciawalker6498,2023-05-04T13:03:39Z,0,Thank you,True
@bumblee_beee,2023-03-28T09:13:14Z,0,Wow clear explanation. Thanks for so much effort.,True
@bumblee_beee,2023-03-28T04:18:32Z,0,Thanks for the simple explanation... I have started to watch the first video today .... And I will try to update once I complete.✨💜,True
@daniels.cookey4082,2023-03-24T08:18:51Z,0,Can you make a video on how to convert binary to decimal in python,True
@brucemcgoveran8154,2023-03-22T01:47:28Z,1,"Even five (or more) years after you made, it continues to help.  Thank you.  A quick question about the operation you called casting, when converting num_1 and num_2 from strings to integers:  wasn't this more the creation of two new integer objects rather than casting in the traditional sense?  From my (limited) knowledge of other languages, I understood casting to be a temporary operation that forced a change in variable/object type without actually creating new objects.  What happens in your examples seems to create new integer objects, based on the code I've run.",True
@tariqahassan5692,2023-02-27T14:30:52Z,0,"Hi there, can I ask how  did you load all arithmetic operators?",True
@KINGTAWO101,2023-02-26T22:18:54Z,0,thank for sharing your nuggets of wisdom through this tutorials,True
@jashchavda340,2023-02-13T12:26:56Z,0,Can python help you get a entry level job by learning from youtube ?,True
@loufadoros20,2023-02-09T12:43:27Z,0,Great Job Corey! I started feeling confident with Python with your step to step approach,True
@rambabuboddani1722,2023-01-18T14:42:31Z,0,Sring means int right,True
@smart9924,2023-01-18T08:07:26Z,0,So the % and // do the same thing in python?,True
@sw00pingbird37,2023-01-06T06:14:53Z,6,"Great videos. I'm three videos in and this is exactly what I was looking for. Straight to the point, easy to understand, logical progressions, and very easy to follow along. Couldn't ask for more.",True
@theAlmightyGod09,2022-12-26T05:38:16Z,0,"Hi Corey.Thanks for the videos. I keep getting""SyntaxError: illegal target for annotation"" majorly on line 2 ,where I have 3 != 2 for  'not equal' comparison.Is there anything I'm missing as a beginner?",True
@__vika,2022-12-20T18:07:32Z,4,I used to think these videos were useless but the second video I ever watched inspired me to continue watching and learning on wither break!,True
@shreyaschavhan5522,2022-12-13T11:38:16Z,5,"+ Built in functions: 5:30 == abs() == round()  + Casting String to Int: 10:26",True
@khushich162,2022-09-15T15:56:30Z,0,Hello please make videos on SQL as well.... would get to learn so much from you 👍,True
@l2c145,2022-09-01T15:05:40Z,1,this is a great playlist but im not sure how im supposed to sit through all of it. its boring as fuck,True
@TrainzKidz,2022-08-31T19:34:20Z,0,"Hi Corey, what text editor are you using here? Atom?",True
@swapnilmore9774,2022-08-30T16:06:11Z,0,some  people cannot understand english .Is their any thing to translate english language into Hindi language which we spoke in India,True
@saimurugeshwari8151,2022-08-30T05:16:37Z,0,"If I x,y,z variables and y is a operator like (+,×,÷,%,) and × and z has int value,but I want my output as float.  Example: x is 1 and y is a operator and z is 1 and output should be float.i run the program,I got value error (extension 2 got1) please explain",True
@lynnhoney3267,2022-08-29T03:03:22Z,0,"at 1:42 is this a mistake?  ""If we **don't** want to drop that decimal then we do have  a floor division which can be performed by adding two division signs and now we can see it drops that decimal and equals 1"".    it's contradicting itself.  So floor division means you DO drop the decimal, right?",True
@metheruss,2022-08-20T09:38:44Z,0,"But, he disappeared from everywhere. What happened to him?",True
@ietk2005,2022-08-14T17:42:02Z,0,Very nice video with appropriate content and examples!,True
@runeblade6596,2022-08-08T02:13:07Z,0,So far this feels pretty easy to follow along. Thanks!,True
@milansaram,2022-08-02T09:29:09Z,0,One of the best videos found in YouTube.,True
@akaez2807,2022-07-23T13:28:03Z,0,thank you alot,True
@Matthewk24,2022-07-21T05:01:22Z,0,i have a question what website you are using to write this code on,True
@xLightcrystalx,2022-07-20T17:47:44Z,0,I love the pacing of these.,True
@oguzturkyilmaz543,2022-07-09T18:55:42Z,0,Thank you,True
@brittanygentry5911,2022-05-27T20:08:34Z,0,"Easy to understand, well explained thank you!",True
@suhailmahmoud2401,2022-04-21T03:50:12Z,0,what is the name of the text editor,True
@inachos9766,2022-04-20T19:20:51Z,0,jk kwang is a good student he has a 90 percent in math,True
@alokroy8955,2022-04-10T05:37:16Z,0,🙏,True
@abdullahalhashmi5739,2022-03-17T06:39:26Z,0,How to a floating type number from a string to a number?,True
@iluvuvibez6644,2022-03-13T00:06:03Z,0,"Wow! Now, I know what's the difference between int and string numbers! I thought it was the same... that makes a big difference! Thank you so much! So many people couldn't explain it correctly!",True
@heleng4528,2022-03-02T00:59:47Z,0,how did you get python to show line numbers like that? I'm using the IDLE for school and it doesn't show those and sometimes I get lost lol,True
@user-qn5by5iv7u,2022-02-15T08:28:42Z,0,2022,True
@isabelgustafsson3507,2022-02-03T01:23:08Z,1,"I think this is just a me problem but I couldn't understand anything, I have a hard time focusing on what he was talking about. My mind was all over the place and confused. I had this assignment for school and had to watch this video. I seemed to be the only one who didn't understand in the class. Again, I think it's just me. My mind has a hard time focusing.",True
@nikusguy9960,2022-01-27T12:57:40Z,0,question: why do you add the spaces before and after the +-*/ signs?,True
@thatmandj593,2022-01-20T21:55:06Z,0,bro you didnt talk about floats,True
@BobbyFisaher,2022-01-03T19:59:04Z,0,God bless!,True
@theegreatestever2420,2021-12-24T12:05:16Z,0,I keep saying this on every video but damn your videos are so short and yet give possibly the best explanations out there damn! Love from South Africa and highly appreciate you,True
@adity.atiwari,2021-12-12T17:55:31Z,0,"that thing you showed from 10:00? regarding print(n1 + n2), i did get a literal addition instead of them just acting like a string - what's that about?",True
@marcello4258,2021-10-31T15:54:30Z,0,is it also possible to explicitly declare a data type? so to have num=50 as a float instead of a int,True
@mito._,2021-10-12T22:26:19Z,0,"What about, 3 % 2.1?",True
@wrongulator2416,2021-09-13T22:45:25Z,0,"I ran into a problem since a couple of days and it's burning up my brain since then. How can I check if a string variable actually holds digits and if it does indeed hold digits, how can differentiate whether it's an integer or a floating point number? Thanks in advance.",True
@chaitanyayeturi1312,2021-09-05T10:32:33Z,0,"First of all, your teaching style is good, and anyone grabs ur teachings easily, and thanks for teaching us. you are the best tutor I have ever come up with in python language. can u suggest any python language book, which is best to go through other than your channel? Moreover, I am a beginner to python language I thoroughly enjoyed ur videos, if u can suggest me best python book to ur sensibility and I guess it suits me and it helps me to learn further (I like physical like books). In case if u written any books related to this language can u suggest one (or) your favorite book, please......................................",True
@tranquoctotranquocto8101,2021-09-02T06:54:22Z,0,bvbvbvbv,True
@ananddarshan1114,2021-07-16T11:11:11Z,0,i think that modulus contains quotient instead of remainder in the terminal but if it is not so then please explain me how. Because when I type print(3%10) then it returns 3(quotient) instead of 1(remainder),True
@hi1706,2021-06-03T03:04:36Z,0,"thank you so so much, i have my python certification on friday and i couldn’t find any good youtube videos that teach as well as you.",True
@manoranjanborgohain5412,2021-05-31T12:10:31Z,0,"Hi I am a beginner and like your teaching method. I have a question, I see these video series created on 2017. is it still relevant to me or anything I need to take care myself. And about text editor now in days VS code I believe most popular. May I know your recommendation. Your quick response will help me to proceed the course with confidence. Thanks in advance!",True
@nazaserh,2021-04-29T11:01:49Z,0,Great video! Thank you!,True
@ItzTrickshotHD,2021-04-14T10:44:06Z,0,"Num methods at 5:00 did only work for the first num, and got an error message aswell ;(",True
@mggarekar,2021-04-13T12:40:26Z,1,nice,True
@zackzayco9135,2021-04-06T22:10:37Z,0,"Great video, this information was very informational",True
@iwouldliketobelievethattha7561,2021-04-06T18:46:08Z,2,"I know I'm kind of late to this series, but I wanted to say this is the best tutorial for Python on the internet that I could find. Every other YouTube video is confusing or made unfun. You are better than even the paid websites like CodeAcademy. Thanks, corey.",True
@cecilmiller2387,2021-04-01T04:50:20Z,0,okay but you never did a float like ( 9 ** (1/2) ),True
@25knightcrawler,2021-03-28T14:18:54Z,0,Very clearly explained! I actually came here to learn how to tutor than to learn python. You make it seem so effortless. Do you rehearse the topics beforehand or do you start recording and explain what comes to mind?,True
@flossdojo5151,2021-03-05T13:13:43Z,1,Thx bro.,True
@raeburton8814,2021-02-24T21:18:50Z,0,Great video thank you so much,True
@genderlessalex,2021-02-15T14:01:30Z,0,"My teacher sent us this video so we can understand Python (because the school is closed and he can't really teach us now). But he can not speak english at all (we are hungarians), and Idk why does he expect us to know english if he can't even speak it. lol But the video was good. It's really helpfull. <3",True
@Nadimiacr,2021-02-10T10:02:40Z,0,My friend has recommended you to look to your videos. Your teaching style is very good anyone can understand easily...,True
@kenwallace6493,2021-02-02T21:48:33Z,0,How to get instant RUN?  In Atom I have to type 'python file.py' in the terminal window.  I'd like that shortcut.  I have script installed.,True
@sadrajazayeri1063,2021-02-02T21:46:51Z,0,Goood job on the explaining easy for everyone.,True
@raunitgarg3215,2021-01-01T15:15:13Z,0,was very helpful,True
@dexstermm7883,2020-12-27T14:03:20Z,0,thank you very much,True
@swallowedinthesea11,2020-12-15T05:04:43Z,1,"10:38 I think it's a bug.   num1 = int('100')  num2 = int('200')   print('This is Sparta!')   Great tutorial and Merry Christmas, Corey!",True
@akko4871,2020-12-08T08:06:58Z,0,hi! how can I add the positive whole numbers only if one or two input digits numbers are decimals numbers or negative numbers.   example input: 2 -4 3.6 1 expected output: 3,True
@alexlandherr,2020-12-01T20:23:04Z,0,"Very good explanation of modulus, I’ve not had it put to me in this way before so I finally got it.",True
@immortalized_onion,2020-11-28T10:25:13Z,77,"Some notes:  ------- Numbers -------  Types :- - int, normal integers like, -2,3,0 etc - float, decimal/fractional values like, -0.4, 9.83 etc.  Arithmetic Operators :-  - 3 + 2  # Addition        - 3 - 2  # Subtraction     - 3 * 2  # Multiplication  - 3 / 2  # Division        - 3 // 2  # Floor Division (rounds float to int) - 3 ** 2  # Exponent        - 3 % 2 # Modulus (remainder)   Comparisons :-      - return either true or false   - 3 == 2  # Equal - 3 != 2 # Not Equal       - 3 > 2 # Greater Than    - 3 < 2 # Less Than       - 3 >= 2 # Greater or Equal - 3 <= 2 # Less or Equal    Incrementing :- num = 1 num += 1  # same as num = num + 1 # the ""+"" in += can be replaced by any other arthimetic Operators # eg num *= 2, now num = num * 2 = 2. Similarly all other arthimetics.  Useful functions :- 1. Absolute value function - abs(value)  - gives the magnitude of integers.  - basically, removes the negative sign if there is one. - abs(-3) # returns 3 2. round function - round(value) . - Also accepts another argument to specify no. of digits  - after the decimal point to round the value off to. - round(3.75) # returns 4 - round(3.75, 1) # returns 3.8, ie. 1 digit  Type conversion/casting :- - int(value) - num = ""1""   int(num) # returns 1 as an integer  Miscellaneous :- - Add parentheses () for enforcing precedence. eg: 3 * (2+1) = 9 - you can use type(variable_or_value) to find the value's data type.",True
@7XxKiKoOxX7,2020-11-14T04:36:31Z,0,VIdeo 03/143 complete ty again.,True
@stuthomas3593,2020-11-07T12:42:58Z,1,"Corey Schafer's Python educational videos are by far the best I have come accross. I have been learning, and now teaching python coding, for several years but Corey's teachings have  been invaluable. I should really recommend my own video's but for all levels of Python Corey Schafer is THE first place I'd suggest for everyone. Thanks to Corey @coreyschafer for the excellent work.",True
@yasminelahnin377,2020-11-06T16:40:56Z,0,Thank you so much. It helped me a lot.,True
@carpediem73,2020-11-05T16:47:01Z,0,"thank you so much, very helpful",True
@ratanpatil1151,2020-11-05T10:05:45Z,0,why cant we just remove the quotes??/,True
@mightbeahuman3442,2020-10-29T23:25:59Z,0,0:58 why no control + c?,True
@rasikaseneviratne5704,2020-10-29T20:28:09Z,0,Awesome!,True
@Daniel14Mejia,2020-10-25T16:53:07Z,0,"hey Corey, is there a way we can loop through this?      try:         shapeSides = int(input(""sides: ""))     except:         print('please enter a number')         shapeSides = int(input(""sides: ""))  makes me think on a while loop, like while shapeSide != integer, but doesnt work like that, any idea?",True
@yethiha6847,2020-10-18T07:47:24Z,0,"One of the best Python tutorials I have seen! Thanks, Corey!",True
@shoaibsaifi9806,2020-10-14T19:46:58Z,0,Hi Corey I have been following your video tutorials for more than 1 yr. I wanna ask how do you keep your updated with the latest update in python and further please advise how to master this language. I am looking for your response. I love the way you teach.,True
@saintdeltaeagle,2020-10-08T05:11:43Z,1,Shut up and take my subscription!,True
@afnanshaqlane8394,2020-09-26T22:42:39Z,1,Thank you <3,True
@avivran1198,2020-09-25T06:29:26Z,0,"As usual, great video. Comment: The video title is integers and float. I thought that few words on floats are required (e.g. decimal representation vs scientific representation, real/image values, casting). Just to have the video be complete",True
@dragonwarrior6831,2020-09-17T06:22:33Z,3,"This tutorial, especially the round function was so useful for me!! Thanks a ton for putting up such a great effort",True
@vireakroth8337,2020-09-16T04:20:33Z,1,Directly to the point needs to learn not washing time I like it.,True
@johnrodi3527,2020-09-08T22:00:00Z,1,This was really thorough. I learned a lot.,True
@microhoarray,2020-09-08T20:32:01Z,0,"hey! as a super super beginner the last thing you did seemed a bit long? to me so I tried to create a new way and it said syntax error   int(num1)= ""23"" int(num2)="" 34""  print(int(num1)+int(num2))  i know its probably silly but i don't understand why it is wrong",True
@akalusantoshkumar9028,2020-09-06T17:01:16Z,0,persons disliking these videos are heartless,True
@sudipbose5191,2020-08-29T14:38:32Z,0,"Sir, Just Awesome explanations! What a YT channel I dropped into after finding multiple resources, goddam! Corey sir rocks!",True
@miguelrosales3930,2020-08-28T08:12:30Z,2,"10:42, or you could just remove the quotes in the variables num_1 and num_2 then add, same result",True
@BlackMamba-vl4ks,2020-08-25T12:33:22Z,0,These videos are just great.,True
@iswaryaish3654,2020-08-23T10:26:33Z,0,Osm it's very clear nd we can easily understood nd i also  loved itt. we can see by his videos 💯 sure.there is no need be worry abt on dis surely it works😊😊 tkuuuu so muchh corey sirrr😍😍😍😍,True
@elmechidevince7264,2020-08-20T03:47:24Z,0,Butterfly's can fly.,True
@ayaemad6796,2020-08-18T16:22:29Z,0,thank you so much for your effort... this is the best channel for learning programming :),True
@dahnubiggs735,2020-08-14T22:57:49Z,0,"Can anyone help me please, I want to have the colour scheme set like Corey's i.e. orange & white and I have set up my sublime text with Corey's recommendations and checked the settings for BracketHighlighter with no luck :( any have any ideas where I can set it or change it to look like that? Cheers!",True
@akioo9495,2020-08-10T05:05:29Z,0,print (8/2*(2+2)),True
@MyVaibhavraj,2020-08-06T19:09:50Z,0,"Hello Corey , it's amazing feeling that I found out the greatest vids on python.  Tonnes of thanks to you",True
@oxcx3902,2020-07-24T08:57:27Z,0,Very very helpful bro keep doing it. +++++,True
@sheethalkam9507,2020-07-23T07:43:14Z,0,4/3 is what data type?,True
@juniorsia8958,2020-07-18T18:17:42Z,0,I stopped here. (Just to remind myslef),True
@jagadeeshmandala4097,2020-07-17T03:49:44Z,0,How to run the programme?,True
@rblongcrier,2020-07-10T17:01:30Z,0,"Hi. I'm a super newb and came across the following in an exercise. We haven't discussed how to do what this guy did in the walk-through video, so I'm a bit confused. The guy in the video mentioned the thing I'm having an issue with as being a 'float', which is how I ended up on your video here.    The entire project is below, but the part that jacked me up was the: print(     ""The cheapest option available is $%.2f with %s""       % (cost, method))    I'm not sure what the % signs, the .2f and the s are doing in this string.   Any help would be greatly appreciated.  ------------------------------------------------------------------------------------------------------------------- def print_cheapest_method(weight):    ground = shipping_cost_ground(weight)     premium = shipping_cost_premium    drone = shipping_cost_drone(weight)    if ground < premium and ground < drone:     method = ""standard ground shipping""     cost = ground   elif premium < ground and premium < drone:     method = ""premium ground shipping""     cost = premium   else:      method = ""drone shipping""     cost = drone    print(     ""The cheapest option available is $%.2f with %s""       % (cost, method))    # Now, test your function!  # What is the cheapest method of shipping a 4.8 pound package and how much would it cost?  # What is the cheapest method of shipping a 41.5 pound package and how much would it cost?  print_cheapest_method(4.8) print_cheapest_method(41.5)",True
@mohammadalimovasati865,2020-07-08T15:53:51Z,1,thanks verrryyyy moch for this video,True
@gokulrajkumarassamy1658,2020-07-03T15:39:17Z,12,I have watched countless python tutorials this one is the best I've ever seen. Great Job Man!,True
@sara.m4613,2020-06-30T09:45:29Z,0,"Hi Corey! I am completed my b.tech in chemical engineering, but I find that data science is the best carrier in the future, so I decided to learn from the basics, so I searched in google and I find your tutorials were best forever with respective python, love to learn from your teaching...... thanks for your tutorials.",True
@akhilkinkar6549,2020-06-27T08:56:08Z,0,Sir what about multiplication like- num_1= '100' num_2= '200' print(num_1 * num_2)  Is this possible ??,True
@clarkh3314,2020-06-25T22:02:55Z,1,"Thank you for these videos, Corey! As someone primarily using genomics in grad school this is extremely helpful to get my feet into the python door.",True
@ashleyhaa,2020-06-25T09:03:48Z,0,I've had a roadblock with Python these past few months and this video series has SAVED ME. thank you so much Corey! You're awesome,True
@donny7841,2020-06-24T21:13:31Z,1,"Hey everyone. Ive decided to start coding during quarantine with my friend. I was recommended Python cuz its easier for beginners. So far weve been doing well and so far weve done variables, basic funtions, strings, arithmetic functions and if statements. My friend made a cool calculator using if statements so you can put different symbols into the calculator. I decided to add a function that could change the type of the outcome, either a float or an int. However, ITS NOT WORKING. Pls someone give me an idea of how to make an if statement that changes the calculation from float or int I WOULD GREALTY APPRECIATE IT.",True
@karnaghose4784,2020-06-16T19:31:10Z,1,"Thanks a lot Schafer, your videos are highly useful. You're a great teacher.",True
@newem1nem,2020-06-14T11:12:24Z,1,"Hey I have a question about casting ints. Why not just remove the apostrophes? I don't quite get the reasoning. Other than that, awesome series! Really easy to follow.",True
@MultiDpz,2020-06-12T05:24:16Z,1,Awesome video as usual .. Thanks :),True
@Glenn.Cooper,2020-06-07T18:36:11Z,5,"Corey - what a fantastic video series.  An easy to follow tone of voice, the right information, the right depth, the right speed of delivery.  Thank you so much!!",True
@hanspijpers2100,2020-06-05T19:47:06Z,0,"Hi good tutorials, just a short remark on modulus, in my country they could also use it for banknote numbers. they were multiples of 9 therefore their mod 9 would always be zero (one of the many ways to b tackle counter fitters kind regards  Hans",True
@ritasvystun3505,2020-05-29T11:11:29Z,2,I am beyond happy to have found your video tutorials!!! Easy and effective! Loving it! Thanks for your work!,True
@olujobioladayo7206,2020-05-27T20:53:11Z,0,"Add enough parentheses to the expression, 3+4/2-7 so that the operation are evaluated in the following order,+,-,/.",True
@spyderkoh,2020-05-27T07:07:04Z,0,great stuff just that the volume is a little low.,True
@capricorns71,2020-05-22T05:22:39Z,0,"print(round(3.75 , 1) equals to 3.8; but why print(round(3.65 , 1) equals to 3.6 instead of 3.7?  In excel, round(3.65, 1) will produce 3.7",True
@christophermoreira6198,2020-05-21T23:52:57Z,0,"At 11:11 Corey says ""Lists, sets, and tuples.."" and pronounces ""tuples"" like ""too pulls"", but, the actual pronunciation is ""tup pulls"".",True
@Zainiology,2020-05-19T17:16:49Z,0,so if you say print(type(num)) then it returns the datatype but if you say print(num.type) then it doesn't work. What's the difference here?,True
@JoshuaDHarvey,2020-05-12T23:32:30Z,1,"great video, thank you!",True
@amandubey5287,2020-05-11T15:12:48Z,0,"Is there any way to take input without using ""repl""",True
@ananthcasius2807,2020-05-11T13:46:45Z,0,"Hi Corey, the f function doesn't seem to be working on Python 3.8.1",True
@trinidadbosch8792,2020-05-10T04:13:40Z,0,Hey! If anyone can help me :) I'm working with Python 3.8 version but if I print (3 / 2) the result is 1 and as the video says it should recognize the decimal when it runs it. Do anyone knows what it could be happening or maybe I haven't turned on a specific function? I'm using Atom by the way. Cheers guys!!,True
@jameselliott3450,2020-05-09T04:07:34Z,9,"Hey,  just wanted to say thank you! I'm trying to learn python during this crazy time and between you and my uncle (who is a coder) I'm slowly figuring this out.  God Bless and Stay Safe!",True
@RCPorter92,2020-05-08T20:51:16Z,0,"One thing that could have been included in this video is how to convert floating point values to standard numbers with decimals for use with monetary values. Otherwise, very informative. Also, I'm commenting on these videos as I go, so if the aforementioned technique is included in a different video, please disregard this comment.  Once again, these videos are amazingly helpful. Thank you for doing what you do!",True
@sayakroy7547,2020-05-08T07:42:33Z,0,I really dont understand that how could anymne this video series. the best python tutorial series in the youtube. i have searched a lot of video series in python that coud meet my expectation and at last found the best one in this channel. Thank you very much for this video series. Probably i will be a good python developer in my future if i truly follow  this video series.,True
@WeAREyoungfolks,2020-05-07T16:32:59Z,1,Finally a guy in English.,True
@anorak1263,2020-04-30T06:36:16Z,0,Could anyone tell me whats the IDE he's using ?,True
@Mokkieification,2020-04-26T07:14:59Z,0,"Hi Corey great python tutorial that is easy to understand. I have a question, what are the scenario where your integer is a string",True
@daddyymcnastyy5915,2020-04-21T01:38:00Z,0,I cannot the beginning part of this video to work. I end up with very long error,True
@RRRRobbbb,2020-04-19T20:27:54Z,0,"I noticed that if you use the round function on for example 4.5,  it will round down to 4 instead of up to 5. What's up with that?",True
@rakeshrajmandala6538,2020-04-16T08:29:59Z,0,Hello corey....Here we are converting the number to string by using single marks. And again we are converting those strings to integers. do we really need to do this in real time operations. where it is useful. please let me know,True
@christianfalcon6757,2020-04-15T08:27:56Z,0,I am about as beginner as it can get so bear with me with this question...what is he using in this video to write the code? Sublime? The Mac terminal? Any help would be appreciated,True
@chriskapis1690,2020-04-06T10:57:29Z,1,best teacher for python,True
@ShynggysZ,2020-04-04T07:28:05Z,3,"cheat sheet: type(num) shows type of the variable # Arithmetic Operators: # Addition:       3 + 2 # Subtraction:    3 - 2 # Multiplication: 3 * 2 # Division:       3 / 2 # Floor Division: 3 // 2 # Exponent:       3 ** 2 # Modulus:        3 % 2  shortcut num += 1 abs(-3) absolute value round(3.75, 1) round to decimal digit  # Comparisons: # Equal:            3 == 2 # Not Equal:        3 != 2 # Greater Than:     3 > 2 # Less Than:        3 < 2 # Greater or Equal: 3 >= 2 # Less or Equal:    3 <= 2  int('100') casting string into interger",True
@mystikalhunk,2020-04-03T15:50:19Z,1,"Thank you so much for that explanation, You explained it beautifully",True
@letschill1746,2020-04-01T08:20:09Z,0,"cool guy >>>> clear language >>>> understand coding in about.... 3 weeks or less,, or just ask python for easy anwer????",True
@prasadfalke376,2020-03-29T02:15:21Z,1,Only jealous people and competitors must be disliking the video.,True
@alashawn8,2020-03-23T06:36:03Z,0,"Hi, when I do this: print(round(3.65, 1)) why do I get 3.6 and not 3.7?",True
@karmalixa,2020-03-17T14:55:05Z,0,"this actually works, too.  Casting pretty much works the same in most languages.  ##casting v1   num1 = int(""100"") num2 = int(""200"")  ##casting v2 num1 = int(num1) num2 = int(num2)  #casting v3 print (int(num1) + int(num2)) - so you can directly cast when printing.",True
@alicjajasinska4445,2020-03-16T14:40:15Z,0,"At 3 forums I had problem do clearly understand int and float, I saw your one video and everything is clear. :D Thank you!",True
@ivankr459,2020-03-07T22:41:13Z,0,Best Python Tuto I've seen so far! Thanks Corey.,True
@dadnumber1140,2020-02-27T15:34:08Z,1,Great work please keep it up   I get a lot out of your videos,True
@ttrindademendes,2020-02-27T01:58:04Z,1,"Thank you, it was very useful, I appreciate your work!",True
@SpaceWorldz,2020-02-15T05:17:46Z,0,"M using python 3.8.1 but not found this kind of interface in laptop ,using windows 10",True
@palashbayen4755,2020-02-12T15:20:10Z,0,Hi,True
@ravinderkaur1597,2020-02-04T12:17:28Z,0,Hello sir..please tell me about the best book for python,True
@matej_grega,2020-01-29T16:33:59Z,1,"num = [your number] if (num%2) == 0:     print(""even"") else: print(""odd"")  checks if your number is even/odd",True
@bpkoiralaproductions6004,2020-01-27T00:06:25Z,1,You just got a new subscriber!,True
@vishnuburra2925,2020-01-25T18:54:12Z,1,Good,True
@thimmarayappagarirajasekha9960,2020-01-25T17:38:57Z,0,Wt is the significance of using single inverted commas,True
@TheSuccessfulLeader,2020-01-16T22:46:56Z,1,Thank you Corey Schafer: great information on the latest Python updates...,True
@vsulli,2020-01-15T10:30:44Z,0,I have been learning python for 1.5 years and I am still not good at problem solving and applying algorithms when it is appropriate.     @Cory -- when you are programming what kind of problem solving frameworks do you use to break down problems and sort them into the correct order of operations?,True
@hurayosefi355,2020-01-04T02:40:36Z,0,thank you so much best best python videos ever,True
@DisgruntledVet,2019-12-27T03:09:46Z,0,Hell Yeah! I love your videos man! Thank you!,True
@subhajitsaha1621,2019-12-15T19:56:31Z,1,"hi corey, i appreciate your work....very simple to understand.....anybody can learn python by watching your videos.",True
@Jesus-fv3to,2019-12-09T17:40:26Z,0,What version of Python is he using? It looks like the script and command window from Matlab. Thank you.,True
@elodionocesa,2019-12-07T03:55:09Z,1,Codio can go screw themselves!,True
@benderbendingrofriguez3300,2019-12-06T00:28:05Z,42,Interesting Fact: Pacman's famous kill screen was due to an integer overflow.,True
@mikehattias5837,2019-11-28T09:59:34Z,1,why did i pay for a udemy course?,True
@F4BON3,2019-11-28T04:02:30Z,0,"I have a float variable = 11.0004, and when I cast to integer int(var), it returns 10. Why???? I was especting 11",True
@sunnyveerpratapsingh1102,2019-11-27T14:17:41Z,0,after so many searches I finally found the best .. here thanks,True
@usmansaeed678,2019-11-23T05:22:09Z,0,where is this dude..he is sharing no more videos :( ????? any one know  ?,True
@mohamedghazali4914,2019-11-22T07:45:23Z,0,"#Arithmetic operators  # Addition:       3 + 2 # Subtraction:    3 - 3 # Multiplication: 3 * 2 # Division:       3 / 2 # Floor Division: 3 // 2 # Exponent:       3 ** 2 # Modulus:        3 % 2   num1= 25 num2=3.14 print(type(num1)) print(type(num2))  #incrementing Values num = 7 num = num + 1 #or you can say # num +=1 print(num)  #Absolute Value print(abs(-3))  #Round print('the round of 3.75 is:')  print(round(3.75)) print(round(3.75, 1))   #Comparison operators   # Equal:             3 == 2  # Not Equal:         3 != 2  # Greater Than:      3 > 2  # less Than:         3< 2  # Greater  or Equal: 3 >= 2  # Less  or Equal:    3 <= 2   num_1 = 3 num_2 = 2 print('Comparison operators') print(num_1 == num_2) print(num_1 != num_2) print(num_1 > num_2) print(num_1 < num_2) print(num_1 >= num_2) print(num_1 <= num_2)  #Casting  number_1 = '100' number_2 = '200'  number_1 = int(number_1) number_2 = int(number_2)  print(number_1 + number_2) #or you can write print(int(number_1 + number_2))",True
@soumyazyx,2019-11-12T19:22:21Z,0,Thank you Corey for your time and effort. Keep spreading the knowledge.,True
@TwstedTV,2019-11-09T08:15:29Z,0,"I just learned recently that casting is the long way and was told to do this instead.  I am current using python 3.8 So this might be very new, than the time that you posted this video.  :)  num_1 = (int('100')) num_2 = (int('200'))  print(num_1 + num_2)  300",True
@tamimnorani,2019-11-02T17:20:38Z,1,thanks,True
@sarfarazahamedi372,2019-10-27T14:35:13Z,0,what ide we are using,True
@bluxer4225,2019-10-26T19:45:27Z,0,nice shtrings,True
@soltaneloudhabachi4648,2019-10-21T20:24:26Z,0,"plz can you tell me which developing environment do you use in this video, and was is the shortcut that you use to run the program thanks and ur video is rlly cool waiting for the answer ;-)",True
@yoshitagupta3761,2019-10-15T08:16:46Z,1,awesome teaching style..from basic to advanced..thank you corey..u r doing a great work!,True
@Jeavea,2019-10-12T04:22:53Z,1,Thanks,True
@subhasnandy1415,2019-10-05T09:40:12Z,0,"In case a string value is inserted as 'abcd' and then we try to typecast it to integer, Python returns an error. Can't the characters of the string be typecasted to their ASCII values individually ?",True
@karthikyatish3323,2019-09-05T04:26:45Z,2,Very nice and very nicely explained and easy to understand quickly thank you !!¡!!!!!!¡,True
@TheAirForceNinja,2019-08-29T04:28:01Z,1,You can also add string values as integers without converting the variables themselves if you need those variables as strings elsewhere. To add them as numbers you'd just type print(int(num_1 + num_2)),True
@vivekldev4402,2019-08-20T13:32:00Z,0,Hi is that rounding up to digits not available in ver 2.5?,True
@alexanderten5497,2019-07-24T08:50:49Z,1,"If I was rich I would contribute a lot to that channel. but all I can do now is to subscribe and to like the video. thank you, Corey.",True
@duchoang1074,2019-07-24T07:35:02Z,0,"Guys I encountered a problem when doing the comparisions in an interpreter, whenever I happen to do it the system doesn't give me the statement true or false so for example: num_1 = 16  num_2 = 17 print (num_1 > num_2) => I clicked run and it showed 16.25 (This is kinda off-topic, it was supposed to demonstrate true or false)",True
@DaaniaShahid_1084,2019-07-24T04:17:56Z,0,u said 1:44 that u dont want want to drop the decimal it will be if do  want to drop the decimal thats why we use integer or floor dision,True
@sim7699,2019-07-23T10:52:52Z,3,"I was trying to find a good course for Python, this is just super satisfactory. Awesome you are!",True
@ke3wh,2019-07-19T14:55:08Z,0,"Like it, but it’s hard to see.",True
@mladinbahar,2019-07-13T12:36:23Z,0,"Hello Corey, My python version is 3.7 and when I check it on the terminal it also confirms but still when I type print(3/2) out is 1 or the f strings were not recognized at the prev. video. Do you have any suggestions to fix the problem?  Thanks a lot for the videos you've been posting, the contents are very clear and useful. Keep going :)",True
@RowanSheridan,2019-07-04T05:54:22Z,0,I struggle to see how you can use these in a real life python programme. I understand the concepts but not sure why for example you’d want to get the abs,True
@dxsp1d3r,2019-05-27T17:24:40Z,1,Its best on earth in the free/paid category,True
@garrybeck216,2019-05-05T20:52:50Z,1,Thanks Corey.,True
@tsx6413,2019-05-05T16:02:56Z,0,"Did anyone get a actual job  from online lessons including this one?, on the other note is there more intermediate lessons for python?",True
@Rahul_Lata_,2019-03-30T09:48:17Z,0,how to take type  double input from the user ??,True
@mohammedalbanna9413,2019-03-25T13:52:14Z,0,why do you press print in front of everything when u can do it without?,True
@niektuytel7861,2019-03-25T12:22:30Z,0,hahawho end it all the way?,True
@xayrix3555,2019-03-15T05:18:38Z,0,software name his using?,True
@cameron6803,2019-02-27T04:52:34Z,1,can somebody please tell me what ide is being used in the video?,True
@seanearnest,2019-02-20T03:25:42Z,22,"I am really enjoying the sequential presentation of concepts in these tutorials. Not sure why this isn't the established curriculum for other popular courses available online. I have been so frustrated lately, having to migrate from course to course to fill in the gaps. It is understandable that no two courses are alike and that many have the stated objective of rapidly immersing the student in pragmatic exercises that are teachable, but from a strictly pedagogical standpoint, Corey appears to have struck gold here.",True
@emreugur6658,2019-02-18T09:55:01Z,0,How do i reach specific digits of the number,True
@plzreviveme4077,2019-02-16T22:50:42Z,1,You should have mentioned any division will turn the answer into a float.,True
@SpiritOfIndiaaa,2019-02-15T02:59:41Z,0,"Thank you , what are you pressing to run the code ?",True
@kbz2783,2019-01-28T14:10:24Z,0,What shall I do after finishing this playlist?,True
@yoganandats2565,2019-01-25T04:43:25Z,0,"Does the original type of num_1 stays as a string if were to save the casted value in another variable ?  num_1='100' num_1_casted= int(num_1)  I hope these types are called immutable,am i correct ?",True
@florinpotolinca8939,2019-01-09T18:23:09Z,0,"Hi Corey, great video man , one question please. if  num_1 = ""100.25""    it comes up with error. do you think I do something wrong ?",True
@ashwin372,2019-01-09T17:04:59Z,0,can you make a video on how to write python code professionally and using makefile github etc as a package or executable if you can add a simple gui it would be great too,True
@kalangiprasad4073,2019-01-09T11:14:09Z,2,"Hey @Corey_Schafer, I've seen lot of python programming in many sites its not perfect to me.But,you are real guru of python for me PythonGuru.The way to you teach is OSM .",True
@BharatUnwronged,2019-01-07T10:51:02Z,0,Isn't it advisable to print(int(num_1) + int(num_2)) instead of using two separate lines of code for the casting? Would that be wrong in any case?,True
@scottwiseman2966,2019-01-04T19:56:30Z,2,Corey we should cast you  amazing = Super(Corey),True
@soonyong221,2019-01-02T02:26:01Z,0,"or u could just write num_1 = int(""100"")",True
@gamingkin4278,2018-12-25T05:05:35Z,2,"I've literally racked my brain with Java for months a few years ago, and it was torture. Python seems so simple and easy to understand in comparison. It's honestly a more effective language for machine learning and data as well, if only I started with this, lol.",True
@nas8406,2018-12-25T03:31:54Z,0,why don't python round  negative numbers,True
@akshayagrawal9605,2018-12-24T05:16:35Z,0,i just compared the two string num1 and num2 and after printing it returned true.How is it possible to compare?,True
@eli.4745,2018-12-22T17:31:53Z,5,wow thanks! I'm trying to learn Python and this by far is the best tutorial I've seen yet :),True
@jyotikinkarsaharia1207,2018-12-21T14:07:08Z,0,a=int(input('enter a no')) print (a)    It's giving an error...that invalid literal for int() with base 10: ' ',True
@hashpuppy5330,2018-12-05T05:16:52Z,0,How can I convert a float 1.08e -5 to 0.00001080?,True
@tareko7645,2018-12-02T13:27:10Z,1,Keep the good work up man! really enjoying this series,True
@jrgelpe7196,2018-11-19T15:57:07Z,0,What is your python ide sir???,True
@sivakrishna8952,2018-11-19T10:22:41Z,0,Parker.. you rocks.. You are my life changer....,True
@user-kt8hv5re9u,2018-11-17T18:59:49Z,1,best ever,True
@felixhanzen6405,2018-11-13T19:46:41Z,0,"Does anyone else have the problem when using sublime where you want to enter a new text and suddenly it replaces the old text? For example if I have the code:  a = ""hat"" And wants to add yellow before the word hat it starts to write yellow and replaces the word hat. So I have to write hat all over again.  Any fixes for this?",True
@mkoc2071,2018-11-09T02:19:38Z,1,That is really soo good! I advise to everyone working with Python.,True
@sorianojohnclarencel.2081,2018-11-02T11:42:58Z,0,New student here,True
@senolkurt7864,2018-11-01T15:34:36Z,0,Excellent Videos! Would you please add some homework after each video?,True
@romonaniranjan5969,2018-11-01T02:30:48Z,2,You're the best!,True
@theresaanderssons94,2018-10-31T14:11:12Z,7,Omg this really helped THANKS,True
@chuckmaddox6725,2018-10-29T20:09:56Z,0,Really curious as to why exponent is not ^        ** is just not logical,True
@kairavb,2018-10-17T06:48:53Z,0,is there any notes for this ?? please give me the notes copy.,True
@momeraj5497,2018-10-07T18:31:07Z,0,which text editor you use can you plzz suggest me for any  one i am beginner,True
@mitramansouri9242,2018-09-30T13:28:44Z,24,"Dude this is so good , now I come here to watch something more than old vines 😅",True
@tmthyzn,2018-09-27T23:49:12Z,1,Subscribed.....,True
@07_sanjanaiyer23,2018-09-18T16:48:59Z,0,great but tthe earlier one was better please like this stupid comment,True
@Luca-re3ve,2018-08-16T18:52:03Z,0,"hello! im starting to coding in pyton and jumped un on your channel! im currently having an issue trasforming to ""int"" or ""float"" string variable. That's the case:  a = ""1,0625"" a=int(a)  that gives me an error code so i also tried:  a = ""1,0625"" a=float(a)  and still giving me another error. To be clearer the exact errore is the ZERO after 1. that is colored red even if it is an int/float value  since i need to operate with the ""a"" that is gained from an imput and it must be this numer how i can solve this? thx u very much :) btw your video was helpfull and cleared a lot of question for me i'll defnatly watch some more",True
@armantripathi1581,2018-08-13T06:56:05Z,0,"I cant seem to run the python 3 features, such (3/2) = 1.5 or the f string...I'm using sublime text but its still showing the old outputs..not sure why",True
@sabarishamaravadi4331,2018-08-02T09:49:00Z,0,"How do you convert '100,200,300' to a=[100 200 300]?, it would be great if you could help me on this. nice video though",True
@sjha591985,2018-07-11T10:19:07Z,0,"Thanks Corey, I am new in scripting.. Your videos lead me to learn python using sublime text... Thanks :)   It helpful (Y)....",True
@sandeepmandavilli4512,2018-07-10T10:14:52Z,0,10:42 u can take those quotations of to get 300,True
@veneranurdin8410,2018-07-03T15:24:03Z,0,"Hello, Which IDE are you using in these tutorials? Thanks.",True
@zinanliu9212,2018-07-02T21:12:36Z,0,Hey Guy!  I install python version 3.7 but it comes out that I am not able to use f string and print(3/2) comes out 1 instead of 1.5 so I think I am actually using version 2.7. How can I fix it?,True
@RajUjjwal,2018-07-02T06:34:20Z,0,Hey Corey can you please tell how to take input in Python. Also input() is not working in working in sublime.,True
@domss1174,2018-06-30T09:26:25Z,17,"thank you Corey for this beginner series, I've been struggling for a long time on these basic concepts and saw a lot of videos but your videos are the best!",True
@bratpeki,2018-06-18T18:41:31Z,0,Quick question: What IDE do you use?,True
@muddaarmy8647,2018-06-15T14:25:40Z,9,"Hi Corey, great content. I'm learning a lot from your tutorials. Just started today. Keep them coming! Thank you!",True
@dangtiendung8572,2018-06-12T05:12:15Z,0,god of the snakes,True
@DCHENmusic,2018-06-05T18:00:26Z,0,Got to love data,True
@eligos90,2018-05-11T20:52:10Z,0,Why something like this: num_1 = '100.34' num_2 = '200'  print(float(num_1) + int(num_2))  give me output: 300.34000000000003  This is some python mistake with changing string to float?,True
@jarradluckey4170,2018-05-08T14:18:07Z,3,Focusing on a career change and this surely helps.  Looking for word to viewing this series.,True
@saxkMr,2018-05-02T13:20:39Z,0,"Great work, it really helped me.",True
@andrewzhang6912,2018-04-29T19:58:04Z,0,what does the less than or equal mean?,True
@ravitejasajja8767,2018-04-07T15:33:08Z,0,can we also do num++ to increment?,True
@muhammadmuttaki4975,2018-03-15T00:13:21Z,0,what ide is that?,True
@user-di4bt7qu2i,2018-03-09T11:17:29Z,5,Really liking your vids Corey.  I like them a lot better than the on-line classes I bought.  Thanks for sharing  your knowledge.,True
@castlefrank9302,2018-03-03T23:59:06Z,1,my university should hire you as the python lecturer instead of hiring an useless bald shit who pretended to be professional talking about robot shit in the first lecture. and yes I paid 4000 for that trashy course and started learning from free videos in youtube.,True
@aestheticalphaa,2018-03-02T08:11:46Z,7,"Hi Corey, First of all many thanks to uploads this training series. It is great and intensive learning. Request you to also upload python for Data Analytics and machine learning. Python Pandas Numpy, Scipy, Hadoop. Thanks again",True
@Kaushalv30,2018-02-28T14:52:59Z,0,nice video.... '3/2' is not giving float value for 3.7,True
@rohini845,2018-02-21T19:43:56Z,1,"Thank you so much , you are doing such a great job 😋",True
@xfg3227,2018-02-16T02:02:48Z,0,Great videos. Nice pace.,True
@andersonpelluso970,2018-02-09T21:52:05Z,0,"hey Corey, I would like to practice it with some exercises. Can u help me?",True
@Phisherm,2018-01-27T04:15:01Z,1,"Hey Corey!  First I would like to say as a beginning programmer your videos have been extremely helpful.  I am trying to combine a string as well as an integer to combine them into one statement.  I set my numbers to integers using casting and when I run the program, it tells me to have strings instead of integers.  Thanks in advance.",True
@Ricebow11,2018-01-24T06:10:06Z,0,Great tutorial! I look forward to see the rest of your videos. I have dumb question. When you incremented 1 to the variable num:  num = 1 num = num + 1 In my mind I see it as “ 1 = 1 + 1”. I know this is wrong but I’m having trouble understand this logic.,True
@gau1089,2018-01-23T12:29:04Z,1,"Her Corey, I am running Python 3.6.4 but getting an answer as 1 for 3/2. Am I missing something here?",True
@melvin9993,2018-01-03T04:22:37Z,7,One the best Python tutorial I have seen! Very Effective,True
@Sol-hm7ol,2017-12-14T16:11:44Z,0,"thanks for making this, extremely helpful for remembering the basics.",True
@cantbefind,2017-11-07T15:49:46Z,0,"Hey Corey, what do you use to make your screencasts?",True
@michaelcheng5871,2017-10-27T02:36:12Z,1,"Hi there, why do i got a answer of 1 instead of 1.5 when i type print ( 3 / 2 ), and i got a answer of 1.0 when i type print ( float( 3/2 ) ). I'm pretty sure i'm using 3.6.3",True
@MoneyWiseGem,2017-10-17T12:42:45Z,1,awesome stuff!,True
@MohamedAyman-li6rp,2017-10-05T14:17:18Z,0,"Hi, Corey, I love your easy_to_understand tutorial but find that you made two playlists for python and I find this is more focusing on python than the other should I stuck to this or the other one has something more?",True
@pseudonym033,2017-10-01T15:56:23Z,0,Guys anyone know what Python text editor he's using? Cheers,True
@sakura7348,2017-10-01T03:12:41Z,1,thank you a lot!,True
@alphadevops,2017-09-26T15:13:06Z,0,now make it a one-liner :),True
@mvkiran82,2017-09-21T05:15:33Z,0,"vedeos are simply superb, only comment i have is, about the back ground of the videos, you can make them more clearer, its bit dark now.",True
@tomlemanh5506,2017-09-17T21:15:35Z,5,"Corey, huge fan of yours, even though I haven't seen much of your contents, but still... I can already tell, it's like a gold mine to me. Have you ever considered opening a course on udemy? I really love your teaching and would love to support you there",True
@tariqashraf5855,2017-09-08T15:03:15Z,0,a good refresher thankyou!,True
@ibtisam.6309,2017-09-07T08:31:33Z,0,You're really good.,True
@benzeltser9851,2017-09-01T11:28:07Z,537,I cannot understand how could anyone dislike this video series. Simply the greatest on Youtube,True
@rajeshkumarnayak5917,2017-09-01T06:51:04Z,0,"u r an genious,corey...",True
@kissinger2867,2017-08-30T11:55:29Z,0,"Hey Corey I really love your videos and your style, can you make javascript or HTML Tutorial.",True
@wijzijnevenwicht,2017-08-28T13:56:00Z,0,"At the end of your video, why dont you just turn the strings into numbers instead of turning them into integers",True
@sarakim1628,2017-07-11T01:47:35Z,1,Hey Corey I can't seem to move around my window like you did at 0:33 Could you tell me what i might need to fix? The window is too small,True
@sudarsandm,2017-06-30T06:33:18Z,176,"Hey Corey, You are my Python Guru. I like your style of teaching. It is quiet effective.",True
@tikendersingh1138,2017-06-27T08:52:41Z,2,x=~5 print(x) output will be -6  x=~~~~~~5 print(x) output= 5  note: ~x is equivalent to -(x+1),True
@tikendersingh1138,2017-06-27T08:32:03Z,0,print (0.1 + 0.1 == 0.2) :-this statement returns true print (0.1 + 0.2 == 0.3):-this statement returns false print (0.1 + 0.3 == 0.4):-this statement returns true print (0.2 + 0.4 == 0.6):-this statement returns false what is the concept behind this?,True
@hb7of9,2017-05-21T06:51:20Z,2,Awesome Video!!,True
@nomcognom2332,2017-05-17T20:01:26Z,27,"Good series, basic but gold. :)",True
